<?xml version="1.0"?>
<opencv_storage>
<CameraMatrix type_id="opencv-matrix">
  <rows>3</rows>
  <cols>3</cols>
  <dt>d</dt>
  <data>
    8.9975213949546037e+02 0. 3.3116325057862520e+02 0.
    1.2001819696838425e+03 2.2647251164264247e+02 0. 0. 1.</data></CameraMatrix>
<DistortionCoefficients type_id="opencv-matrix">
  <rows>5</rows>
  <cols>1</cols>
  <dt>d</dt>
  <data>
    -1.5978706836297083e+00 1.2948144905933129e+01
    -6.6306468249417369e-04 -4.8064132096234599e-02
    -3.7366988349675523e+01</data></DistortionCoefficients>
</opencv_storage>
